linear:
[0.8632911392405064, 0.8708860759493671, 0.8632911392405064, 0.8658227848101265, 0.8582278481012658, 0.8531645569620253, 0.8481012658227848, 0.850632911392405, 0.8531645569620253, 0.850632911392405, 0.8481012658227848, 0.8531645569620253, 0.8531645569620253, 0.850632911392405, 0.8531645569620253, 0.8658227848101265, 0.8658227848101265, 0.8582278481012658, 0.8607594936708861, 0.8632911392405064, 0.8253164556962025, 0.8278481012658228, 0.789873417721519, 0.789873417721519, 0.7974683544303798, 0.7949367088607595, 0.7873417721518987, 0.7822784810126582, 0.779746835443038, 0.7873417721518987, 0.8151898734177215, 0.8, 0.8025316455696202, 0.7493670886075949, 0.7620253164556962, 0.7518987341772152, 0.7468354430379747, 0.7518987341772152, 0.7544303797468355, 0.7518987341772152, 0.7569620253164557, 0.7443037974683544, 0.7493670886075949, 0.7544303797468355, 0.7518987341772152, 0.7493670886075949, 0.7443037974683544, 0.7493670886075949, 0.7468354430379747, 0.7443037974683544, 0.7443037974683544, 0.7417721518987341, 0.7291139240506329, 0.7291139240506329, 0.7215189873417721, 0.7265822784810126, 0.7367088607594937, 0.7341772151898734, 0.7341772151898734, 0.7341772151898734]
poly:
[0.8607594936708861, 0.8531645569620253, 0.8582278481012658, 0.8430379746835444, 0.850632911392405, 0.8556962025316456, 0.8556962025316456, 0.850632911392405, 0.8632911392405064, 0.8582278481012658, 0.8708860759493671, 0.8683544303797468, 0.8683544303797468, 0.8683544303797468, 0.8607594936708861, 0.8632911392405064, 0.8607594936708861, 0.8582278481012658, 0.8658227848101265, 0.8658227848101265, 0.8708860759493671, 0.8683544303797468, 0.8708860759493671, 0.8632911392405064, 0.8658227848101265, 0.8632911392405064, 0.8632911392405064, 0.8632911392405064, 0.8658227848101265, 0.8582278481012658, 0.8658227848101265, 0.8607594936708861, 0.8556962025316456, 0.8531645569620253, 0.8531645569620253, 0.8607594936708861, 0.8556962025316456, 0.8531645569620253, 0.8531645569620253, 0.8556962025316456, 0.8531645569620253, 0.8531645569620253, 0.8556962025316456, 0.8531645569620253, 0.8531645569620253, 0.8531645569620253, 0.8531645569620253, 0.8531645569620253, 0.8531645569620253, 0.8481012658227848, 0.8455696202531645, 0.8481012658227848, 0.850632911392405, 0.850632911392405, 0.8455696202531645, 0.8455696202531645, 0.8455696202531645, 0.8455696202531645, 0.8481012658227848, 0.8481012658227848]
rbf:
[0.8860759493670886, 0.8759493670886076, 0.8810126582278481, 0.8810126582278481, 0.8708860759493671, 0.8784810126582279, 0.8759493670886076, 0.8835443037974684, 0.8835443037974684, 0.8835443037974684, 0.8886075949367088, 0.8860759493670886, 0.8911392405063291, 0.8810126582278481, 0.8759493670886076, 0.8784810126582279, 0.8810126582278481, 0.8784810126582279, 0.8810126582278481, 0.8810126582278481, 0.8835443037974684, 0.8784810126582279, 0.8784810126582279, 0.8784810126582279, 0.8810126582278481, 0.8835443037974684, 0.8911392405063291, 0.8835443037974684, 0.8962025316455696, 0.8886075949367088, 0.8886075949367088, 0.8860759493670886, 0.8860759493670886, 0.8936708860759494, 0.8886075949367088, 0.8860759493670886, 0.8784810126582279, 0.8936708860759494, 0.8987341772151899, 0.8936708860759494, 0.8911392405063291, 0.8835443037974684, 0.8911392405063291, 0.8936708860759494, 0.8911392405063291, 0.8911392405063291, 0.8886075949367088, 0.8886075949367088, 0.8987341772151899, 0.8987341772151899, 0.8987341772151899, 0.8936708860759494, 0.8936708860759494, 0.8936708860759494, 0.8936708860759494, 0.8936708860759494, 0.8936708860759494, 0.8936708860759494, 0.8911392405063291, 0.8860759493670886]
n_components:58  kernel:rbf
0.8987341772151899

C:
[0.850632911392405, 0.8556962025316456, 0.8759493670886076, 0.8658227848101265, 0.8734177215189873, 0.8810126582278481, 0.8835443037974684, 0.8886075949367088, 0.8911392405063291, 0.8987341772151899, 0.8886075949367088, 0.8860759493670886, 0.8886075949367088, 0.8810126582278481, 0.8810126582278481, 0.8784810126582279, 0.8759493670886076, 0.8734177215189873, 0.8708860759493671]
1.0
0.8987341772151899