linear:
[0.7924050632911392, 0.7721518987341772, 0.8151898734177215, 0.8075949367088607, 0.8278481012658228, 0.8481012658227848, 0.8405063291139241, 0.8379746835443038, 0.8405063291139241, 0.8430379746835444, 0.8278481012658228, 0.8632911392405064, 0.8658227848101265, 0.8481012658227848, 0.8582278481012658, 0.8683544303797468, 0.8683544303797468, 0.8607594936708861, 0.8860759493670886, 0.8810126582278481, 0.8759493670886076, 0.8734177215189873, 0.8759493670886076, 0.8683544303797468, 0.8708860759493671, 0.8759493670886076, 0.8835443037974684, 0.8784810126582279, 0.8759493670886076, 0.8784810126582279, 0.8835443037974684, 0.8835443037974684, 0.8835443037974684, 0.8962025316455696, 0.8886075949367088, 0.8734177215189873, 0.8759493670886076, 0.8784810126582279, 0.8860759493670886, 0.8810126582278481, 0.8886075949367088, 0.8734177215189873, 0.8683544303797468, 0.8759493670886076, 0.8784810126582279, 0.8759493670886076, 0.8810126582278481, 0.8784810126582279, 0.8962025316455696, 0.8936708860759494, 0.8936708860759494, 0.9012658227848102, 0.8962025316455696, 0.8962025316455696, 0.8936708860759494, 0.8962025316455696, 0.8962025316455696, 0.8936708860759494, 0.8886075949367088, 0.8886075949367088]
poly:
[0.8354430379746836, 0.8354430379746836, 0.8481012658227848, 0.850632911392405, 0.8405063291139241, 0.8354430379746836, 0.8531645569620253, 0.8379746835443038, 0.8430379746835444, 0.830379746835443, 0.830379746835443, 0.8430379746835444, 0.8531645569620253, 0.8556962025316456, 0.8582278481012658, 0.8632911392405064, 0.8607594936708861, 0.8632911392405064, 0.8708860759493671, 0.8734177215189873, 0.8784810126582279, 0.8759493670886076, 0.8784810126582279, 0.8784810126582279, 0.8708860759493671, 0.8734177215189873, 0.8708860759493671, 0.8683544303797468, 0.8683544303797468, 0.8683544303797468, 0.8734177215189873, 0.8556962025316456, 0.8632911392405064, 0.8708860759493671, 0.8708860759493671, 0.8658227848101265, 0.8683544303797468, 0.8683544303797468, 0.8683544303797468, 0.8683544303797468, 0.8759493670886076, 0.8784810126582279, 0.8759493670886076, 0.8734177215189873, 0.8734177215189873, 0.8683544303797468, 0.8734177215189873, 0.8759493670886076, 0.8734177215189873, 0.8734177215189873, 0.8658227848101265, 0.8632911392405064, 0.8632911392405064, 0.8556962025316456, 0.8582278481012658, 0.8607594936708861, 0.8632911392405064, 0.8632911392405064, 0.8607594936708861, 0.8556962025316456]
rbf:
[0.850632911392405, 0.8556962025316456, 0.8556962025316456, 0.8708860759493671, 0.8607594936708861, 0.8632911392405064, 0.8759493670886076, 0.8708860759493671, 0.8607594936708861, 0.8531645569620253, 0.850632911392405, 0.8531645569620253, 0.8430379746835444, 0.8632911392405064, 0.8632911392405064, 0.8481012658227848, 0.8481012658227848, 0.8531645569620253, 0.8683544303797468, 0.8632911392405064, 0.8683544303797468, 0.8759493670886076, 0.8759493670886076, 0.8734177215189873, 0.8759493670886076, 0.8860759493670886, 0.8835443037974684, 0.8759493670886076, 0.8734177215189873, 0.8835443037974684, 0.8860759493670886, 0.8784810126582279, 0.8835443037974684, 0.8835443037974684, 0.8810126582278481, 0.8810126582278481, 0.8784810126582279, 0.8784810126582279, 0.8810126582278481, 0.8860759493670886, 0.8860759493670886, 0.8860759493670886, 0.8835443037974684, 0.8759493670886076, 0.8810126582278481, 0.8784810126582279, 0.8810126582278481, 0.8734177215189873, 0.8759493670886076, 0.8734177215189873, 0.8734177215189873, 0.8708860759493671, 0.8708860759493671, 0.8734177215189873, 0.8734177215189873, 0.8734177215189873, 0.8759493670886076, 0.8708860759493671, 0.8658227848101265, 0.8658227848101265]
n_components:71  kernel:linear
0.9012658227848102

C:
[0.8860759493670886, 0.8936708860759494, 0.8962025316455696, 0.8936708860759494, 0.8936708860759494, 0.8911392405063291, 0.8962025316455696, 0.9012658227848102, 0.9012658227848102, 0.9012658227848102, 0.8987341772151899, 0.8987341772151899, 0.8962025316455696, 0.8962025316455696, 0.8936708860759494, 0.8936708860759494, 0.8936708860759494, 0.8936708860759494, 0.8936708860759494]
0.8
0.9012658227848102