linear:
[0.9620253164556962, 0.9620253164556962, 0.9645569620253165, 0.9620253164556962, 0.9620253164556962, 0.9645569620253165, 0.9645569620253165, 0.9645569620253165, 0.9645569620253165, 0.9620253164556962, 0.9620253164556962, 0.959493670886076, 0.9620253164556962, 0.9620253164556962, 0.959493670886076, 0.9670886075949368, 0.9670886075949368, 0.9670886075949368, 0.9670886075949368, 0.9721518987341772, 0.9620253164556962, 0.959493670886076, 0.9569620253164557, 0.9569620253164557, 0.9544303797468354, 0.9544303797468354, 0.959493670886076, 0.9569620253164557, 0.9670886075949368, 0.9645569620253165, 0.9620253164556962, 0.959493670886076, 0.9620253164556962, 0.959493670886076, 0.959493670886076, 0.9620253164556962, 0.9620253164556962, 0.959493670886076, 0.9645569620253165, 0.959493670886076, 0.959493670886076, 0.9645569620253165, 0.9670886075949368, 0.9670886075949368, 0.9670886075949368, 0.9645569620253165, 0.9696202531645569, 0.9721518987341772, 0.9670886075949368, 0.9670886075949368, 0.9696202531645569, 0.9670886075949368, 0.9696202531645569, 0.9696202531645569, 0.9645569620253165, 0.9645569620253165, 0.9670886075949368, 0.9645569620253165, 0.9645569620253165, 0.9645569620253165]
poly:
[0.9696202531645569, 0.9620253164556962, 0.959493670886076, 0.959493670886076, 0.9518987341772152, 0.9468354430379747, 0.9443037974683545, 0.9468354430379747, 0.9544303797468354, 0.9518987341772152, 0.9518987341772152, 0.9518987341772152, 0.9518987341772152, 0.9443037974683545, 0.959493670886076, 0.9544303797468354, 0.9544303797468354, 0.9468354430379747, 0.9620253164556962, 0.9645569620253165, 0.9670886075949368, 0.9696202531645569, 0.959493670886076, 0.9493670886075949, 0.9417721518987342, 0.9468354430379747, 0.9544303797468354, 0.9518987341772152, 0.9518987341772152, 0.9493670886075949, 0.9518987341772152, 0.9493670886075949, 0.9468354430379747, 0.9443037974683545, 0.9367088607594937, 0.9367088607594937, 0.9341772151898734, 0.9417721518987342, 0.9443037974683545, 0.9392405063291139, 0.9417721518987342, 0.9367088607594937, 0.9367088607594937, 0.9316455696202531, 0.9341772151898734, 0.9291139240506329, 0.9316455696202531, 0.9316455696202531, 0.9316455696202531, 0.9316455696202531, 0.9316455696202531, 0.9316455696202531, 0.9341772151898734, 0.9291139240506329, 0.9291139240506329, 0.9291139240506329, 0.9291139240506329, 0.9240506329113924, 0.9265822784810127, 0.9265822784810127]
rbf:
[0.9746835443037974, 0.9645569620253165, 0.9645569620253165, 0.9645569620253165, 0.9645569620253165, 0.959493670886076, 0.9620253164556962, 0.9670886075949368, 0.9696202531645569, 0.9721518987341772, 0.9645569620253165, 0.9645569620253165, 0.9696202531645569, 0.9721518987341772, 0.9670886075949368, 0.9772151898734177, 0.9772151898734177, 0.9721518987341772, 0.9772151898734177, 0.9772151898734177, 0.9721518987341772, 0.9721518987341772, 0.9721518987341772, 0.959493670886076, 0.9620253164556962, 0.9670886075949368, 0.9670886075949368, 0.9569620253164557, 0.9569620253164557, 0.9544303797468354, 0.9544303797468354, 0.9569620253164557, 0.9569620253164557, 0.9569620253164557, 0.9518987341772152, 0.9544303797468354, 0.9620253164556962, 0.959493670886076, 0.959493670886076, 0.9569620253164557, 0.9569620253164557, 0.959493670886076, 0.959493670886076, 0.9620253164556962, 0.9620253164556962, 0.9620253164556962, 0.9620253164556962, 0.9620253164556962, 0.959493670886076, 0.9620253164556962, 0.9620253164556962, 0.9569620253164557, 0.9620253164556962, 0.959493670886076, 0.959493670886076, 0.959493670886076, 0.9569620253164557, 0.9569620253164557, 0.9569620253164557, 0.9569620253164557]
n_components:35  kernel:rbf
0.9772151898734177

C:
[0.9215189873417722, 0.9417721518987342, 0.9443037974683545, 0.9493670886075949, 0.9544303797468354, 0.9670886075949368, 0.9670886075949368, 0.9721518987341772, 0.9746835443037974, 0.9772151898734177, 0.9772151898734177, 0.9772151898734177, 0.9772151898734177, 0.9772151898734177, 0.9772151898734177, 0.9772151898734177, 0.9772151898734177, 0.9746835443037974, 0.9746835443037974]
1.0
0.9772151898734177