linear:
[0.8278481012658228, 0.8405063291139241, 0.8405063291139241, 0.8481012658227848, 0.8556962025316456, 0.850632911392405, 0.850632911392405, 0.8379746835443038, 0.830379746835443, 0.8455696202531645, 0.830379746835443, 0.8329113924050633, 0.8075949367088607, 0.810126582278481, 0.8075949367088607, 0.8025316455696202, 0.810126582278481, 0.810126582278481, 0.810126582278481, 0.8354430379746836, 0.8025316455696202, 0.830379746835443, 0.8, 0.8025316455696202, 0.8177215189873418, 0.8126582278481013, 0.8, 0.8025316455696202, 0.8202531645569621, 0.7772151898734178, 0.7822784810126582, 0.7822784810126582, 0.7822784810126582, 0.7772151898734178, 0.7746835443037975, 0.8, 0.810126582278481, 0.789873417721519, 0.7721518987341772, 0.7721518987341772, 0.7670886075949367, 0.759493670886076, 0.7949367088607595, 0.8025316455696202, 0.8177215189873418, 0.8075949367088607, 0.8126582278481013, 0.8, 0.8, 0.810126582278481, 0.8075949367088607, 0.779746835443038, 0.779746835443038, 0.779746835443038, 0.8151898734177215, 0.8202531645569621, 0.8151898734177215, 0.8253164556962025, 0.8379746835443038, 0.8354430379746836]
poly:
[0.8202531645569621, 0.8354430379746836, 0.8379746835443038, 0.8329113924050633, 0.8202531645569621, 0.8177215189873418, 0.8278481012658228, 0.8278481012658228, 0.8253164556962025, 0.8177215189873418, 0.8253164556962025, 0.810126582278481, 0.8025316455696202, 0.8025316455696202, 0.7974683544303798, 0.7974683544303798, 0.8025316455696202, 0.8, 0.7974683544303798, 0.7949367088607595, 0.7949367088607595, 0.8025316455696202, 0.8, 0.8, 0.7924050632911392, 0.8, 0.7924050632911392, 0.7924050632911392, 0.7873417721518987, 0.779746835443038, 0.7772151898734178, 0.7746835443037975, 0.7746835443037975, 0.7721518987341772, 0.769620253164557, 0.769620253164557, 0.7746835443037975, 0.7721518987341772, 0.7721518987341772, 0.7746835443037975, 0.779746835443038, 0.779746835443038, 0.7746835443037975, 0.7721518987341772, 0.7721518987341772, 0.769620253164557, 0.769620253164557, 0.7721518987341772, 0.769620253164557, 0.7721518987341772, 0.7670886075949367, 0.7670886075949367, 0.7645569620253164, 0.7670886075949367, 0.7645569620253164, 0.7645569620253164, 0.759493670886076, 0.7569620253164557, 0.7544303797468355, 0.7518987341772152]
rbf:
[0.8202531645569621, 0.8227848101265823, 0.8253164556962025, 0.8177215189873418, 0.8278481012658228, 0.8430379746835444, 0.8202531645569621, 0.8202531645569621, 0.8177215189873418, 0.7974683544303798, 0.8151898734177215, 0.8202531645569621, 0.8253164556962025, 0.8227848101265823, 0.8278481012658228, 0.8253164556962025, 0.8202531645569621, 0.8177215189873418, 0.8253164556962025, 0.8278481012658228, 0.830379746835443, 0.8379746835443038, 0.8405063291139241, 0.8556962025316456, 0.8481012658227848, 0.8354430379746836, 0.8354430379746836, 0.830379746835443, 0.8329113924050633, 0.8202531645569621, 0.8202531645569621, 0.8278481012658228, 0.8253164556962025, 0.8253164556962025, 0.8177215189873418, 0.8126582278481013, 0.810126582278481, 0.8126582278481013, 0.8177215189873418, 0.8151898734177215, 0.8202531645569621, 0.8202531645569621, 0.8177215189873418, 0.8177215189873418, 0.8202531645569621, 0.8227848101265823, 0.8177215189873418, 0.8227848101265823, 0.8227848101265823, 0.8227848101265823, 0.8202531645569621, 0.8177215189873418, 0.8278481012658228, 0.8278481012658228, 0.8227848101265823, 0.8253164556962025, 0.8253164556962025, 0.8253164556962025, 0.8278481012658228, 0.8278481012658228]
n_components:24  kernel:linear
0.8556962025316456

C:
[0.8531645569620253, 0.8531645569620253, 0.8582278481012658, 0.8607594936708861, 0.8582278481012658, 0.8556962025316456, 0.8582278481012658, 0.8556962025316456, 0.8556962025316456, 0.8556962025316456, 0.8556962025316456, 0.8556962025316456, 0.8556962025316456, 0.8556962025316456, 0.8556962025316456, 0.8556962025316456, 0.8556962025316456, 0.8556962025316456, 0.8556962025316456]
0.4
0.8607594936708861