linear:
[0.8784810126582279, 0.8759493670886076, 0.8708860759493671, 0.8936708860759494, 0.8936708860759494, 0.9012658227848102, 0.8987341772151899, 0.8886075949367088, 0.8860759493670886, 0.8911392405063291, 0.8911392405063291, 0.8860759493670886, 0.8987341772151899, 0.8886075949367088, 0.8962025316455696, 0.8987341772151899, 0.8987341772151899, 0.9088607594936708, 0.9189873417721519, 0.9215189873417722, 0.8936708860759494, 0.9037974683544304, 0.8962025316455696, 0.8936708860759494, 0.8810126582278481, 0.8886075949367088, 0.8962025316455696, 0.8962025316455696, 0.8936708860759494, 0.8886075949367088, 0.8835443037974684, 0.8886075949367088, 0.8556962025316456, 0.8759493670886076, 0.8759493670886076, 0.8734177215189873, 0.8658227848101265, 0.8658227848101265, 0.8658227848101265, 0.8607594936708861, 0.8582278481012658, 0.850632911392405, 0.8531645569620253, 0.8531645569620253, 0.8379746835443038, 0.8354430379746836, 0.8354430379746836, 0.8379746835443038, 0.8354430379746836, 0.850632911392405, 0.8455696202531645, 0.8354430379746836, 0.8582278481012658, 0.8481012658227848, 0.8354430379746836, 0.8354430379746836, 0.8860759493670886, 0.8734177215189873, 0.8759493670886076, 0.9012658227848102]
poly:
[0.8810126582278481, 0.8860759493670886, 0.8886075949367088, 0.8886075949367088, 0.9037974683544304, 0.8835443037974684, 0.8987341772151899, 0.8860759493670886, 0.8936708860759494, 0.8987341772151899, 0.8708860759493671, 0.8708860759493671, 0.8632911392405064, 0.8835443037974684, 0.8759493670886076, 0.8835443037974684, 0.8962025316455696, 0.8810126582278481, 0.8810126582278481, 0.8734177215189873, 0.8658227848101265, 0.8759493670886076, 0.8708860759493671, 0.8734177215189873, 0.8658227848101265, 0.8784810126582279, 0.8708860759493671, 0.8708860759493671, 0.8759493670886076, 0.8708860759493671, 0.8683544303797468, 0.8734177215189873, 0.8835443037974684, 0.8759493670886076, 0.8708860759493671, 0.8708860759493671, 0.8759493670886076, 0.8734177215189873, 0.8708860759493671, 0.8683544303797468, 0.8759493670886076, 0.8708860759493671, 0.8734177215189873, 0.8734177215189873, 0.8759493670886076, 0.8734177215189873, 0.8734177215189873, 0.8582278481012658, 0.8632911392405064, 0.8658227848101265, 0.8658227848101265, 0.8632911392405064, 0.8658227848101265, 0.8607594936708861, 0.8607594936708861, 0.8582278481012658, 0.8582278481012658, 0.8582278481012658, 0.8607594936708861, 0.8658227848101265]
rbf:
[0.8911392405063291, 0.9139240506329114, 0.9037974683544304, 0.9012658227848102, 0.9088607594936708, 0.9088607594936708, 0.9164556962025316, 0.9139240506329114, 0.8936708860759494, 0.9012658227848102, 0.9088607594936708, 0.9012658227848102, 0.9265822784810127, 0.9164556962025316, 0.9088607594936708, 0.9113924050632911, 0.9088607594936708, 0.9113924050632911, 0.9164556962025316, 0.9063291139240506, 0.8936708860759494, 0.8936708860759494, 0.8987341772151899, 0.8962025316455696, 0.9113924050632911, 0.9139240506329114, 0.9215189873417722, 0.9164556962025316, 0.9063291139240506, 0.9139240506329114, 0.9063291139240506, 0.9063291139240506, 0.9063291139240506, 0.9012658227848102, 0.9012658227848102, 0.8835443037974684, 0.8810126582278481, 0.8886075949367088, 0.8835443037974684, 0.8835443037974684, 0.8810126582278481, 0.8810126582278481, 0.8911392405063291, 0.8886075949367088, 0.8860759493670886, 0.8860759493670886, 0.8860759493670886, 0.8835443037974684, 0.8810126582278481, 0.8784810126582279, 0.8759493670886076, 0.8734177215189873, 0.8860759493670886, 0.8835443037974684, 0.8810126582278481, 0.8886075949367088, 0.8860759493670886, 0.8810126582278481, 0.8860759493670886, 0.8860759493670886]
n_components:32  kernel:rbf
0.9265822784810127

C:
[0.8835443037974684, 0.8936708860759494, 0.9063291139240506, 0.9113924050632911, 0.9265822784810127, 0.9189873417721519, 0.9189873417721519, 0.9189873417721519, 0.9240506329113924, 0.9265822784810127, 0.9164556962025316, 0.9164556962025316, 0.9189873417721519, 0.9215189873417722, 0.9215189873417722, 0.9189873417721519, 0.9215189873417722, 0.9164556962025316, 0.9164556962025316]
0.5
0.9265822784810127